id,velocity,batteryLevel,orientation,timestamp
1,1.3,99.9935,270.0,1764381103404
2,1.3,99.9935,90.0,1764381103404
4,1.3,99.9935,90.0,1764381103404
6,1.3,99.9935,90.0,1764381103404
9,1.3,99.9935,90.0,1764381103404
10,1.3,99.9935,270.0,1764381103404
8,1.3,99.9935,270.0,1764381103404
5,1.3,99.9935,270.0,1764381103404
7,1.3,99.9935,90.0,1764381103404
3,1.3,99.9935,90.0,1764381103404
1,1.5999999,99.98655,270.0,1764381103997
2,1.5999999,99.98655,90.0,1764381103997
4,1.5999999,99.98655,90.0,1764381103997
6,1.5999999,99.98655,90.0,1764381103997
9,1.5999999,99.98655,90.0,1764381103997
10,1.5999999,99.98655,270.0,1764381103997
8,1.5999999,99.98655,270.0,1764381103997
5,1.5999999,99.98655,270.0,1764381103997
7,1.5999999,99.98655,90.0,1764381103997
3,1.5999999,99.98655,90.0,1764381103997
1,1.8999999,99.97915,270.0,1764381104518
2,1.8999999,99.97915,90.0,1764381104518
4,1.8999999,99.97915,90.0,1764381104518
6,1.8999999,99.97915,90.0,1764381104518
9,1.8999999,99.97915,90.0,1764381104518
10,1.8999999,99.97915,270.0,1764381104518
8,1.8999999,99.97915,270.0,1764381104518
5,1.8999999,99.97915,270.0,1764381104518
7,1.8999999,99.97915,90.0,1764381104518
3,1.8999999,99.97915,90.0,1764381104518
1,2.1999998,99.9713,270.0,1764381105035
2,2.1999998,99.9713,90.0,1764381105035
4,2.1999998,99.9713,90.0,1764381105035
6,2.1999998,99.9713,90.0,1764381105035
9,2.1999998,99.9713,90.0,1764381105035
10,2.1999998,99.9713,270.0,1764381105035
8,2.1999998,99.9713,270.0,1764381105035
5,2.1999998,99.9713,270.0,1764381105035
7,2.1999998,99.9713,90.0,1764381105035
3,2.1999998,99.9713,90.0,1764381105035
1,2.4999998,99.963,270.0,1764381105552
2,2.4999998,99.963,90.0,1764381105552
4,2.4999998,99.963,90.0,1764381105552
6,2.4999998,99.963,90.0,1764381105552
9,2.4999998,99.963,90.0,1764381105552
10,2.4999998,99.963,270.0,1764381105552
8,2.4999998,99.963,270.0,1764381105552
5,2.4999998,99.963,270.0,1764381105552
7,2.4999998,99.963,90.0,1764381105552
3,2.4999998,99.963,90.0,1764381105552
1,2.7999997,99.95425,270.0,1764381106065
2,2.7999997,99.95425,90.0,1764381106065
4,2.7999997,99.95425,90.0,1764381106065
6,2.7999997,99.95425,90.0,1764381106065
9,2.7999997,99.95425,90.0,1764381106065
10,2.7999997,99.95425,270.0,1764381106065
8,2.7999997,99.95425,270.0,1764381106065
5,2.7999997,99.95425,270.0,1764381106065
7,2.7999997,99.95425,90.0,1764381106065
3,2.7999997,99.95425,90.0,1764381106065
1,3.0999997,99.945045,270.0,1764381106578
2,3.0999997,99.945045,90.0,1764381106578
4,3.0999997,99.945045,90.0,1764381106578
6,3.0999997,99.945045,90.0,1764381106578
9,3.0999997,99.945045,90.0,1764381106578
10,3.0999997,99.945045,270.0,1764381106578
8,3.0999997,99.945045,270.0,1764381106578
5,3.0999997,99.945045,270.0,1764381106578
7,3.0999997,99.945045,90.0,1764381106578
3,3.0999997,99.945045,90.0,1764381106578
1,3.3999996,99.935394,270.0,1764381107091
2,3.3999996,99.935394,90.0,1764381107091
4,3.3999996,99.935394,90.0,1764381107091
6,3.3999996,99.935394,90.0,1764381107091
9,3.3999996,99.935394,90.0,1764381107091
10,3.3999996,99.935394,270.0,1764381107091
8,3.3999996,99.935394,270.0,1764381107091
5,3.3999996,99.935394,270.0,1764381107091
7,3.3999996,99.935394,90.0,1764381107091
3,3.3999996,99.935394,90.0,1764381107091
1,3.6999996,99.92529,270.0,1764381107604
2,3.6999996,99.92529,90.0,1764381107604
4,3.6999996,99.92529,90.0,1764381107604
6,3.6999996,99.92529,90.0,1764381107604
9,3.6999996,99.92529,90.0,1764381107604
10,3.6999996,99.92529,270.0,1764381107604
8,3.6999996,99.92529,270.0,1764381107604
5,3.6999996,99.92529,270.0,1764381107604
7,3.6999996,99.92529,90.0,1764381107604
3,3.6999996,99.92529,90.0,1764381107604
1,3.9999995,99.91474,270.0,1764381108116
2,3.9999995,99.91474,90.0,1764381108116
4,3.9999995,99.91474,90.0,1764381108116
6,3.9999995,99.91474,90.0,1764381108116
9,3.9999995,99.91474,90.0,1764381108116
10,3.9999995,99.91474,270.0,1764381108116
8,3.9999995,99.91474,270.0,1764381108116
5,3.9999995,99.91474,270.0,1764381108116
7,3.9999995,99.91474,90.0,1764381108116
3,3.9999995,99.91474,90.0,1764381108116
1,4.2999997,99.90374,270.0,1764381108628
2,4.2999997,99.90374,90.0,1764381108628
4,4.2999997,99.90374,90.0,1764381108628
6,4.2999997,99.90374,90.0,1764381108628
9,4.2999997,99.90374,90.0,1764381108628
10,4.2999997,99.90374,270.0,1764381108628
8,4.2999997,99.90374,270.0,1764381108628
5,4.2999997,99.90374,270.0,1764381108628
7,4.2999997,99.90374,90.0,1764381108628
3,4.2999997,99.90374,90.0,1764381108628
1,4.6,99.89229,270.0,1764381109139
2,4.6,99.89229,90.0,1764381109139
4,4.6,99.89229,90.0,1764381109139
6,4.6,99.89229,90.0,1764381109139
9,4.6,99.89229,90.0,1764381109139
10,4.6,99.89229,270.0,1764381109139
8,4.6,99.89229,270.0,1764381109139
5,4.6,99.89229,270.0,1764381109139
7,4.6,99.89229,90.0,1764381109139
3,4.6,99.89229,90.0,1764381109139
1,4.9,99.88039,270.0,1764381109650
2,4.9,99.88039,90.0,1764381109650
4,4.9,99.88039,90.0,1764381109650
6,4.9,99.88039,90.0,1764381109650
9,4.9,99.88039,90.0,1764381109650
10,4.9,99.88039,270.0,1764381109650
8,4.9,99.88039,270.0,1764381109650
5,4.9,99.88039,270.0,1764381109650
7,4.9,99.88039,90.0,1764381109650
3,4.9,99.88039,90.0,1764381109650
1,5.2000003,99.868034,270.0,1764381110162
2,5.2000003,99.868034,90.0,1764381110162
4,5.2000003,99.868034,90.0,1764381110162
6,5.2000003,99.868034,90.0,1764381110162
9,5.2000003,99.868034,90.0,1764381110162
10,5.2000003,99.868034,270.0,1764381110162
8,5.2000003,99.868034,270.0,1764381110162
5,5.2000003,99.868034,270.0,1764381110162
7,5.2000003,99.868034,90.0,1764381110162
3,5.2000003,99.868034,90.0,1764381110162
1,5.5000005,99.85523,270.0,1764381110673
2,5.5000005,99.85523,90.0,1764381110673
4,5.5000005,99.85523,90.0,1764381110673
6,5.5000005,99.85523,90.0,1764381110673
9,5.5000005,99.85523,90.0,1764381110673
10,5.5000005,99.85523,270.0,1764381110673
8,5.5000005,99.85523,270.0,1764381110673
5,5.5000005,99.85523,270.0,1764381110673
7,5.5000005,99.85523,90.0,1764381110673
3,5.5000005,99.85523,90.0,1764381110673
1,5.8000007,99.84198,270.0,1764381111182
2,5.8000007,99.84198,90.0,1764381111182
4,5.8000007,99.84198,90.0,1764381111182
6,5.8000007,99.84198,90.0,1764381111182
9,5.8000007,99.84198,90.0,1764381111182
10,5.8000007,99.84198,270.0,1764381111182
8,5.8000007,99.84198,270.0,1764381111182
5,5.8000007,99.84198,270.0,1764381111182
7,5.8000007,99.84198,90.0,1764381111182
3,5.8000007,99.84198,90.0,1764381111182
1,6.100001,99.82828,270.0,1764381111693
2,6.100001,99.82828,90.0,1764381111693
4,6.100001,99.82828,90.0,1764381111693
6,6.100001,99.82828,90.0,1764381111693
9,6.100001,99.82828,90.0,1764381111693
10,6.100001,99.82828,270.0,1764381111693
8,6.100001,99.82828,270.0,1764381111693
5,6.100001,99.82828,270.0,1764381111693
7,6.100001,99.82828,90.0,1764381111693
3,6.100001,99.82828,90.0,1764381111693
1,6.400001,99.814125,270.0,1764381112203
2,6.400001,99.814125,90.0,1764381112203
4,6.400001,99.814125,90.0,1764381112203
6,6.400001,99.814125,90.0,1764381112203
9,6.400001,99.814125,90.0,1764381112203
10,6.400001,99.814125,270.0,1764381112203
8,6.400001,99.814125,270.0,1764381112203
5,6.400001,99.814125,270.0,1764381112203
7,6.400001,99.814125,90.0,1764381112203
3,6.400001,99.814125,90.0,1764381112203
1,6.7000012,99.79952,270.0,1764381112714
2,6.7000012,99.79952,90.0,1764381112714
4,6.7000012,99.79952,90.0,1764381112714
6,6.7000012,99.79952,90.0,1764381112714
9,6.7000012,99.79952,90.0,1764381112714
10,6.7000012,99.79952,270.0,1764381112714
8,6.7000012,99.79952,270.0,1764381112714
5,6.7000012,99.79952,270.0,1764381112714
7,6.7000012,99.79952,90.0,1764381112714
3,6.7000012,99.79952,90.0,1764381112714
1,7.0000014,99.78447,270.0,1764381113225
2,7.0000014,99.78447,90.0,1764381113225
4,7.0000014,99.78447,90.0,1764381113225
6,7.0000014,99.78447,90.0,1764381113225
9,7.0000014,99.78447,90.0,1764381113225
10,7.0000014,99.78447,270.0,1764381113225
8,7.0000014,99.78447,270.0,1764381113225
5,7.0000014,99.78447,270.0,1764381113225
7,7.0000014,99.78447,90.0,1764381113225
3,7.0000014,99.78447,90.0,1764381113225
1,7.3000016,99.76897,270.0,1764381113735
2,7.3000016,99.76897,90.0,1764381113735
4,7.3000016,99.76897,90.0,1764381113735
6,7.3000016,99.76897,90.0,1764381113735
9,7.3000016,99.76897,90.0,1764381113735
10,7.3000016,99.76897,270.0,1764381113735
8,7.3000016,99.76897,270.0,1764381113735
5,7.3000016,99.76897,270.0,1764381113735
7,7.3000016,99.76897,90.0,1764381113735
3,7.3000016,99.76897,90.0,1764381113735
1,7.600002,99.75301,270.0,1764381114245
2,7.600002,99.75301,90.0,1764381114245
4,7.600002,99.75301,90.0,1764381114245
6,7.600002,99.75301,90.0,1764381114245
9,7.600002,99.75301,90.0,1764381114245
10,7.600002,99.75301,270.0,1764381114245
8,7.600002,99.75301,270.0,1764381114245
5,7.600002,99.75301,270.0,1764381114245
7,7.600002,99.75301,90.0,1764381114245
3,7.600002,99.75301,90.0,1764381114245
1,7.900002,99.73661,270.0,1764381114756
2,7.900002,99.73661,90.0,1764381114756
4,7.900002,99.73661,90.0,1764381114756
6,7.900002,99.73661,90.0,1764381114756
9,7.900002,99.73661,90.0,1764381114756
10,7.900002,99.73661,270.0,1764381114756
8,7.900002,99.73661,270.0,1764381114756
5,7.900002,99.73661,270.0,1764381114756
7,7.900002,99.73661,90.0,1764381114756
3,7.900002,99.73661,90.0,1764381114756
1,8.200002,99.71976,270.0,1764381115267
2,8.200002,99.71976,90.0,1764381115267
4,8.200002,99.71976,90.0,1764381115267
6,8.200002,99.71976,90.0,1764381115267
9,8.200002,99.71976,90.0,1764381115267
10,8.200002,99.71976,270.0,1764381115267
8,8.200002,99.71976,270.0,1764381115267
5,8.200002,99.71976,270.0,1764381115267
7,8.200002,99.71976,90.0,1764381115267
3,8.200002,99.71976,90.0,1764381115267
1,8.500002,99.70245,270.0,1764381115776
2,8.500002,99.70245,90.0,1764381115776
4,8.500002,99.70245,90.0,1764381115776
6,8.500002,99.70245,90.0,1764381115776
9,8.500002,99.70245,90.0,1764381115776
10,8.500002,99.70245,270.0,1764381115776
8,8.500002,99.70245,270.0,1764381115776
5,8.500002,99.70245,270.0,1764381115776
7,8.500002,99.70245,90.0,1764381115776
3,8.500002,99.70245,90.0,1764381115776
1,8.800002,99.6847,270.0,1764381116287
2,8.800002,99.6847,90.0,1764381116287
4,8.800002,99.6847,90.0,1764381116287
6,8.800002,99.6847,90.0,1764381116287
9,8.800002,99.6847,90.0,1764381116287
10,8.800002,99.6847,270.0,1764381116287
8,8.800002,99.6847,270.0,1764381116287
5,8.800002,99.6847,270.0,1764381116287
7,8.800002,99.6847,90.0,1764381116287
3,8.800002,99.6847,90.0,1764381116287
1,9.100002,99.6665,270.0,1764381116796
2,9.100002,99.6665,90.0,1764381116796
4,9.100002,99.6665,90.0,1764381116796
6,9.100002,99.6665,90.0,1764381116796
9,9.100002,99.6665,90.0,1764381116796
10,9.100002,99.6665,270.0,1764381116796
8,9.100002,99.6665,270.0,1764381116796
5,9.100002,99.6665,270.0,1764381116796
7,9.100002,99.6665,90.0,1764381116796
3,9.100002,99.6665,90.0,1764381116796
1,9.4000025,99.64785,270.0,1764381117307
2,9.4000025,99.64785,90.0,1764381117307
4,9.4000025,99.64785,90.0,1764381117307
6,9.4000025,99.64785,90.0,1764381117307
9,9.4000025,99.64785,90.0,1764381117307
10,9.4000025,99.64785,270.0,1764381117307
8,9.4000025,99.64785,270.0,1764381117307
5,9.4000025,99.64785,270.0,1764381117307
7,9.4000025,99.64785,90.0,1764381117307
3,9.4000025,99.64785,90.0,1764381117307
1,9.700003,99.62875,270.0,1764381117817
2,9.700003,99.62875,90.0,1764381117817
4,9.700003,99.62875,90.0,1764381117817
6,9.700003,99.62875,90.0,1764381117817
9,9.700003,99.62875,90.0,1764381117817
10,9.700003,99.62875,270.0,1764381117817
8,9.700003,99.62875,270.0,1764381117817
5,9.700003,99.62875,270.0,1764381117817
7,9.700003,99.62875,90.0,1764381117817
3,9.700003,99.62875,90.0,1764381117817
1,10.0,99.60921,270.0,1764381118328
2,10.0,99.60921,90.0,1764381118328
4,10.0,99.60921,90.0,1764381118328
6,10.0,99.60921,90.0,1764381118328
9,10.0,99.60921,90.0,1764381118328
10,10.0,99.60921,270.0,1764381118328
8,10.0,99.60921,270.0,1764381118328
5,10.0,99.60921,270.0,1764381118328
7,10.0,99.60921,90.0,1764381118328
3,10.0,99.60921,90.0,1764381118328
1,10.0,99.58921,270.0,1764381118839
2,10.0,99.58921,90.0,1764381118839
4,10.0,99.58921,90.0,1764381118839
6,10.0,99.58921,90.0,1764381118839
9,10.0,99.58921,90.0,1764381118839
10,10.0,99.58921,270.0,1764381118839
8,10.0,99.58921,270.0,1764381118839
5,10.0,99.58921,270.0,1764381118839
7,10.0,99.58921,90.0,1764381118839
3,10.0,99.58921,90.0,1764381118839
1,10.0,99.569214,270.0,1764381119348
2,10.0,99.569214,90.0,1764381119348
4,10.0,99.569214,90.0,1764381119348
6,10.0,99.569214,90.0,1764381119348
9,10.0,99.569214,90.0,1764381119348
10,10.0,99.569214,270.0,1764381119348
8,10.0,99.569214,270.0,1764381119348
5,10.0,99.569214,270.0,1764381119348
7,10.0,99.569214,90.0,1764381119348
3,10.0,99.569214,90.0,1764381119348
1,10.0,99.54922,270.0,1764381119858
2,10.0,99.54922,90.0,1764381119858
4,10.0,99.54922,90.0,1764381119858
6,10.0,99.54922,90.0,1764381119858
9,10.0,99.54922,90.0,1764381119858
10,10.0,99.54922,270.0,1764381119858
8,9.7,99.54922,270.0,1764381119858
5,10.0,99.54922,270.0,1764381119858
7,10.0,99.54922,90.0,1764381119858
3,10.0,99.54922,90.0,1764381119858
1,10.0,99.52922,270.0,1764381120367
2,10.0,99.52922,90.0,1764381120367
4,10.0,99.52922,90.0,1764381120367
6,10.0,99.52922,90.0,1764381120367
9,10.0,99.52922,90.0,1764381120367
10,10.0,99.52922,270.0,1764381120367
8,9.4,99.52967,270.0,1764381120367
5,10.0,99.52922,270.0,1764381120367
7,10.0,99.52922,90.0,1764381120367
3,10.0,99.52922,90.0,1764381120367
1,10.0,99.509224,270.0,1764381120877
2,10.0,99.509224,90.0,1764381120877
4,10.0,99.509224,90.0,1764381120877
6,10.0,99.509224,90.0,1764381120877
9,10.0,99.509224,90.0,1764381120877
10,10.0,99.509224,270.0,1764381120877
8,9.099999,99.510574,270.0,1764381120877
5,10.0,99.509224,270.0,1764381120877
7,10.0,99.509224,90.0,1764381120877
3,10.0,99.509224,90.0,1764381120877
1,10.0,99.48923,270.0,1764381121386
2,10.0,99.48923,90.0,1764381121386
4,10.0,99.48923,90.0,1764381121386
6,10.0,99.48923,90.0,1764381121386
9,10.0,99.48923,90.0,1764381121386
10,10.0,99.48923,270.0,1764381121386
8,8.799999,99.49193,270.0,1764381121386
5,10.0,99.48923,270.0,1764381121386
7,10.0,99.48923,90.0,1764381121386
3,10.0,99.48923,90.0,1764381121386
1,10.0,99.46923,270.0,1764381121893
2,10.0,99.46923,90.0,1764381121893
4,10.0,99.46923,90.0,1764381121893
6,10.0,99.46923,90.0,1764381121893
9,10.0,99.46923,90.0,1764381121893
10,10.0,99.46923,270.0,1764381121893
8,8.499999,99.473724,270.0,1764381121893
5,10.0,99.46923,270.0,1764381121893
7,10.0,99.46923,90.0,1764381121893
3,10.0,99.46923,90.0,1764381121893
1,10.0,99.449234,270.0,1764381122402
2,10.0,99.449234,90.0,1764381122402
4,10.0,99.449234,90.0,1764381122402
6,10.0,99.449234,90.0,1764381122402
9,10.0,99.449234,90.0,1764381122402
10,10.0,99.449234,270.0,1764381122402
8,8.199999,99.45597,270.0,1764381122402
5,10.0,99.449234,270.0,1764381122402
7,10.0,99.449234,90.0,1764381122402
3,10.0,99.449234,90.0,1764381122402
1,10.0,99.42924,270.0,1764381122912
2,10.0,99.42924,90.0,1764381122912
4,10.0,99.42924,90.0,1764381122912
6,10.0,99.42924,90.0,1764381122912
9,10.0,99.42924,90.0,1764381122912
10,10.0,99.42924,270.0,1764381122912
8,7.8999987,99.43867,270.0,1764381122912
5,10.0,99.42924,270.0,1764381122912
7,10.0,99.42924,90.0,1764381122912
3,10.0,99.42924,90.0,1764381122912
1,10.0,99.40924,270.0,1764381123421
2,10.0,99.40924,90.0,1764381123421
4,10.0,99.40924,90.0,1764381123421
6,9.7,99.40924,90.0,1764381123421
9,10.0,99.40924,90.0,1764381123421
10,10.0,99.40924,270.0,1764381123421
8,8.199999,99.421814,0.0,1764381123421
5,10.0,99.40924,270.0,1764381123421
7,10.0,99.40924,90.0,1764381123421
3,10.0,99.40924,90.0,1764381123421
1,10.0,99.389244,270.0,1764381123933
2,10.0,99.389244,90.0,1764381123933
4,10.0,99.389244,90.0,1764381123933
6,9.4,99.389694,90.0,1764381123933
9,10.0,99.389244,90.0,1764381123933
10,10.0,99.389244,270.0,1764381123933
8,8.499999,99.40451,0.0,1764381123933
5,10.0,99.389244,270.0,1764381123933
7,10.0,99.389244,90.0,1764381123933
3,10.0,99.389244,90.0,1764381123933
1,10.0,99.36925,270.0,1764381124444
2,10.0,99.36925,90.0,1764381124444
4,10.0,99.36925,90.0,1764381124444
6,9.099999,99.3706,90.0,1764381124444
9,10.0,99.36925,90.0,1764381124444
10,10.0,99.36925,270.0,1764381124444
8,8.799999,99.38676,0.0,1764381124444
5,10.0,99.36925,270.0,1764381124444
7,10.0,99.36925,90.0,1764381124444
3,10.0,99.36925,90.0,1764381124444
1,10.0,99.34925,270.0,1764381124952
2,10.0,99.34925,90.0,1764381124952
4,10.0,99.34925,90.0,1764381124952
6,8.799999,99.35195,90.0,1764381124952
9,10.0,99.34925,90.0,1764381124952
10,10.0,99.34925,270.0,1764381124952
8,9.099999,99.36855,0.0,1764381124952
5,10.0,99.34925,270.0,1764381124952
7,10.0,99.34925,90.0,1764381124952
3,10.0,99.34925,90.0,1764381124952
1,10.0,99.329254,270.0,1764381125460
2,10.0,99.329254,90.0,1764381125460
4,10.0,99.329254,90.0,1764381125460
6,8.499999,99.33375,90.0,1764381125460
9,10.0,99.329254,90.0,1764381125460
10,10.0,99.329254,270.0,1764381125460
8,9.4,99.34991,0.0,1764381125460
5,10.0,99.329254,270.0,1764381125460
7,10.0,99.329254,90.0,1764381125460
3,10.0,99.329254,90.0,1764381125460
1,10.0,99.30926,270.0,1764381125969
2,10.0,99.30926,90.0,1764381125969
4,10.0,99.30926,90.0,1764381125969
6,8.199999,99.315994,90.0,1764381125969
9,10.0,99.30926,90.0,1764381125969
10,10.0,99.30926,270.0,1764381125969
8,9.7,99.33081,0.0,1764381125969
5,10.0,99.30926,270.0,1764381125969
7,10.0,99.30926,90.0,1764381125969
3,10.0,99.30926,90.0,1764381125969
1,10.0,99.28926,270.0,1764381126477
2,10.0,99.28926,90.0,1764381126477
4,10.0,99.28926,90.0,1764381126477
6,8.499999,99.29869,0.0,1764381126477
9,10.0,99.28926,90.0,1764381126477
10,10.0,99.28926,270.0,1764381126477
8,10.0,99.311264,0.0,1764381126477
5,10.0,99.28926,270.0,1764381126477
7,10.0,99.28926,90.0,1764381126477
3,10.0,99.28926,90.0,1764381126477
1,10.0,99.269264,270.0,1764381126986
2,9.7,99.269264,90.0,1764381126986
4,10.0,99.269264,90.0,1764381126986
6,8.799999,99.28094,0.0,1764381126986
9,10.0,99.269264,90.0,1764381126986
10,10.0,99.269264,270.0,1764381126986
8,10.0,99.29127,0.0,1764381126986
5,10.0,99.269264,270.0,1764381126986
7,10.0,99.269264,90.0,1764381126986
3,10.0,99.269264,90.0,1764381126986
1,10.0,99.24927,270.0,1764381127496
2,9.4,99.24972,90.0,1764381127496
4,10.0,99.24927,90.0,1764381127496
6,9.099999,99.26273,0.0,1764381127496
9,10.0,99.24927,90.0,1764381127496
10,10.0,99.24927,270.0,1764381127496
8,10.0,99.27127,0.0,1764381127496
5,10.0,99.24927,270.0,1764381127496
7,10.0,99.24927,90.0,1764381127496
3,10.0,99.24927,90.0,1764381127496
1,10.0,99.22927,270.0,1764381128006
2,9.099999,99.23062,90.0,1764381128006
4,10.0,99.22927,90.0,1764381128006
6,9.4,99.24409,0.0,1764381128006
9,10.0,99.22927,90.0,1764381128006
10,10.0,99.22927,270.0,1764381128006
8,10.0,99.251274,0.0,1764381128006
5,10.0,99.22927,270.0,1764381128006
7,10.0,99.22927,90.0,1764381128006
3,10.0,99.22927,90.0,1764381128006
1,10.0,99.209274,270.0,1764381128516
2,8.799999,99.211975,90.0,1764381128516
4,10.0,99.209274,90.0,1764381128516
6,9.7,99.22499,0.0,1764381128516
9,10.0,99.209274,90.0,1764381128516
10,10.0,99.209274,270.0,1764381128516
8,10.0,99.23128,0.0,1764381128516
5,10.0,99.209274,270.0,1764381128516
7,10.0,99.209274,90.0,1764381128516
3,10.0,99.209274,90.0,1764381128516
1,10.0,99.18928,270.0,1764381129024
2,8.499999,99.19377,90.0,1764381129024
4,10.0,99.18928,90.0,1764381129024
6,10.0,99.205444,0.0,1764381129024
9,10.0,99.18928,90.0,1764381129024
10,10.0,99.18928,270.0,1764381129024
8,10.0,99.21128,0.0,1764381129024
5,10.0,99.18928,270.0,1764381129024
7,10.0,99.18928,90.0,1764381129024
3,10.0,99.18928,90.0,1764381129024
1,10.0,99.16928,270.0,1764381129534
2,8.199999,99.17602,90.0,1764381129534
4,10.0,99.16928,90.0,1764381129534
6,10.0,99.18545,0.0,1764381129534
9,10.0,99.16928,90.0,1764381129534
10,10.0,99.16928,270.0,1764381129534
8,10.0,99.191284,0.0,1764381129534
5,10.0,99.16928,270.0,1764381129534
7,10.0,99.16928,90.0,1764381129534
3,10.0,99.16928,90.0,1764381129534
1,10.0,99.149284,270.0,1764381130044
2,7.8999987,99.158714,90.0,1764381130044
4,10.0,99.149284,90.0,1764381130044
6,10.0,99.16545,0.0,1764381130044
9,10.0,99.149284,90.0,1764381130044
10,10.0,99.149284,270.0,1764381130044
8,10.0,99.17129,0.0,1764381130044
5,10.0,99.149284,270.0,1764381130044
7,10.0,99.149284,90.0,1764381130044
3,10.0,99.149284,90.0,1764381130044
1,10.0,99.12929,270.0,1764381130552
2,8.199999,99.14186,0.0,1764381130552
4,10.0,99.12929,90.0,1764381130552
6,10.0,99.145454,0.0,1764381130552
9,10.0,99.12929,90.0,1764381130552
10,10.0,99.12929,270.0,1764381130552
8,10.0,99.15129,0.0,1764381130552
5,10.0,99.12929,270.0,1764381130552
7,10.0,99.12929,90.0,1764381130552
3,10.0,99.12929,90.0,1764381130552
1,10.0,99.10929,270.0,1764381131061
2,8.499999,99.12456,0.0,1764381131061
4,10.0,99.10929,90.0,1764381131061
6,10.0,99.12546,0.0,1764381131061
9,10.0,99.10929,90.0,1764381131061
10,10.0,99.10929,270.0,1764381131061
8,10.0,99.131294,0.0,1764381131061
5,10.0,99.10929,270.0,1764381131061
7,10.0,99.10929,90.0,1764381131061
3,10.0,99.10929,90.0,1764381131061
1,10.0,99.089294,270.0,1764381131569
2,8.799999,99.106804,0.0,1764381131569
4,10.0,99.089294,90.0,1764381131569
6,10.0,99.10546,0.0,1764381131569
9,10.0,99.089294,90.0,1764381131569
10,10.0,99.089294,270.0,1764381131569
8,10.0,99.1113,0.0,1764381131569
5,10.0,99.089294,270.0,1764381131569
7,10.0,99.089294,90.0,1764381131569
3,10.0,99.089294,90.0,1764381131569
1,10.0,99.0693,270.0,1764381132076
2,9.099999,99.0886,0.0,1764381132076
4,10.0,99.0693,90.0,1764381132076
6,10.0,99.085464,0.0,1764381132076
9,10.0,99.0693,90.0,1764381132076
10,10.0,99.0693,270.0,1764381132076
8,10.0,99.0913,0.0,1764381132076
5,10.0,99.0693,270.0,1764381132076
7,10.0,99.0693,90.0,1764381132076
3,10.0,99.0693,90.0,1764381132076
1,10.0,99.0493,270.0,1764381132586
2,9.4,99.069954,0.0,1764381132586
4,10.0,99.0493,90.0,1764381132586
6,10.0,99.06547,0.0,1764381132586
9,10.0,99.0493,90.0,1764381132586
10,10.0,99.0493,270.0,1764381132586
8,10.0,99.071304,0.0,1764381132586
5,10.0,99.0493,270.0,1764381132586
7,10.0,99.0493,90.0,1764381132586
3,10.0,99.0493,90.0,1764381132586
1,10.0,99.029305,270.0,1764381133095
2,9.7,99.05086,0.0,1764381133095
4,10.0,99.029305,90.0,1764381133095
6,9.7,99.04547,0.0,1764381133095
9,10.0,99.029305,90.0,1764381133095
10,10.0,99.029305,270.0,1764381133095
8,10.0,99.05131,0.0,1764381133095
5,10.0,99.029305,270.0,1764381133095
7,10.0,99.029305,90.0,1764381133095
3,10.0,99.029305,90.0,1764381133095
1,10.0,99.00931,270.0,1764381133602
2,10.0,99.03131,0.0,1764381133602
4,10.0,99.00931,90.0,1764381133602
6,9.4,99.025925,0.0,1764381133602
9,10.0,99.00931,90.0,1764381133602
10,10.0,99.00931,270.0,1764381133602
8,10.0,99.03131,0.0,1764381133602
5,10.0,99.00931,270.0,1764381133602
7,10.0,99.00931,90.0,1764381133602
3,10.0,99.00931,90.0,1764381133602
1,10.0,98.98931,270.0,1764381134112
2,10.0,99.011314,0.0,1764381134112
4,10.0,98.98931,90.0,1764381134112
6,9.099999,99.00683,0.0,1764381134112
9,10.0,98.98931,90.0,1764381134112
10,10.0,98.98931,270.0,1764381134112
8,10.0,99.011314,0.0,1764381134112
5,10.0,98.98931,270.0,1764381134112
7,10.0,98.98931,90.0,1764381134112
3,10.0,98.98931,90.0,1764381134112
1,10.0,98.969315,270.0,1764381134621
2,10.0,98.99132,0.0,1764381134621
4,10.0,98.969315,90.0,1764381134621
6,8.799999,98.98818,0.0,1764381134621
9,10.0,98.969315,90.0,1764381134621
10,10.0,98.969315,270.0,1764381134621
8,10.0,98.99132,0.0,1764381134621
5,10.0,98.969315,270.0,1764381134621
7,10.0,98.969315,90.0,1764381134621
3,10.0,98.969315,90.0,1764381134621
1,10.0,98.94932,270.0,1764381135129
2,10.0,98.97132,0.0,1764381135129
4,10.0,98.94932,90.0,1764381135129
6,8.499999,98.96998,0.0,1764381135129
9,10.0,98.94932,90.0,1764381135129
10,10.0,98.94932,270.0,1764381135129
8,10.0,98.97132,0.0,1764381135129
5,10.0,98.94932,270.0,1764381135129
7,10.0,98.94932,90.0,1764381135129
3,10.0,98.94932,90.0,1764381135129
1,10.0,98.92932,270.0,1764381135635
2,10.0,98.951324,0.0,1764381135635
4,10.0,98.92932,90.0,1764381135635
6,8.199999,98.952225,0.0,1764381135635
9,10.0,98.92932,90.0,1764381135635
10,10.0,98.92932,270.0,1764381135635
8,10.0,98.951324,0.0,1764381135635
5,10.0,98.92932,270.0,1764381135635
7,10.0,98.92932,90.0,1764381135635
3,10.0,98.92932,90.0,1764381135635
1,10.0,98.909325,270.0,1764381136145
2,10.0,98.93133,0.0,1764381136145
4,10.0,98.909325,90.0,1764381136145
6,7.8999987,98.93492,0.0,1764381136145
9,10.0,98.909325,90.0,1764381136145
10,10.0,98.909325,270.0,1764381136145
8,10.0,98.93133,0.0,1764381136145
5,10.0,98.909325,270.0,1764381136145
7,10.0,98.909325,90.0,1764381136145
3,10.0,98.909325,90.0,1764381136145
1,10.0,98.88933,270.0,1764381136654
2,10.0,98.91133,0.0,1764381136654
4,10.0,98.88933,90.0,1764381136654
6,8.199999,98.91807,270.0,1764381136654
9,10.0,98.88933,90.0,1764381136654
10,10.0,98.88933,270.0,1764381136654
8,10.0,98.91133,0.0,1764381136654
5,10.0,98.88933,270.0,1764381136654
7,10.0,98.88933,90.0,1764381136654
3,10.0,98.88933,90.0,1764381136654
1,10.0,98.86933,270.0,1764381137163
2,10.0,98.891335,0.0,1764381137163
4,10.0,98.86933,90.0,1764381137163
6,8.499999,98.900764,270.0,1764381137163
9,10.0,98.86933,90.0,1764381137163
10,10.0,98.86933,270.0,1764381137163
8,10.0,98.891335,0.0,1764381137163
5,10.0,98.86933,270.0,1764381137163
7,10.0,98.86933,90.0,1764381137163
3,10.0,98.86933,90.0,1764381137163
1,10.0,98.849335,270.0,1764381137671
2,10.0,98.87134,0.0,1764381137671
4,10.0,98.849335,90.0,1764381137671
6,8.799999,98.88301,270.0,1764381137671
9,10.0,98.849335,90.0,1764381137671
10,10.0,98.849335,270.0,1764381137671
8,10.0,98.87134,0.0,1764381137671
5,10.0,98.849335,270.0,1764381137671
7,10.0,98.849335,90.0,1764381137671
3,10.0,98.849335,90.0,1764381137671
1,10.0,98.82934,270.0,1764381138179
2,10.0,98.85134,0.0,1764381138179
4,10.0,98.82934,90.0,1764381138179
6,9.099999,98.86481,270.0,1764381138179
9,10.0,98.82934,90.0,1764381138179
10,10.0,98.82934,270.0,1764381138179
8,10.0,98.85134,0.0,1764381138179
5,10.0,98.82934,270.0,1764381138179
7,10.0,98.82934,90.0,1764381138179
3,10.0,98.82934,90.0,1764381138179
1,10.0,98.80934,270.0,1764381138689
2,10.0,98.831345,0.0,1764381138689
4,10.0,98.80934,90.0,1764381138689
6,9.4,98.84616,270.0,1764381138689
9,10.0,98.80934,90.0,1764381138689
10,10.0,98.80934,270.0,1764381138689
8,10.0,98.831345,0.0,1764381138689
5,10.0,98.80934,270.0,1764381138689
7,10.0,98.80934,90.0,1764381138689
3,10.0,98.80934,90.0,1764381138689
1,10.0,98.789345,270.0,1764381139196
2,10.0,98.81135,0.0,1764381139196
4,10.0,98.789345,90.0,1764381139196
6,9.7,98.827065,270.0,1764381139196
9,10.0,98.789345,90.0,1764381139196
10,10.0,98.789345,270.0,1764381139196
8,10.0,98.81135,0.0,1764381139196
5,10.0,98.789345,270.0,1764381139196
7,10.0,98.789345,90.0,1764381139196
3,10.0,98.789345,90.0,1764381139196
1,10.0,98.76935,270.0,1764381139704
2,10.0,98.79135,0.0,1764381139704
4,10.0,98.76935,90.0,1764381139704
6,10.0,98.80752,270.0,1764381139704
9,10.0,98.76935,90.0,1764381139704
10,10.0,98.76935,270.0,1764381139704
8,10.0,98.79135,0.0,1764381139704
5,10.0,98.76935,270.0,1764381139704
7,10.0,98.76935,90.0,1764381139704
3,10.0,98.76935,90.0,1764381139704
1,10.0,98.74935,270.0,1764381140214
2,10.0,98.771355,0.0,1764381140214
4,10.0,98.74935,90.0,1764381140214
6,10.0,98.78752,270.0,1764381140214
9,10.0,98.74935,90.0,1764381140214
10,10.0,98.74935,270.0,1764381140214
8,10.0,98.771355,0.0,1764381140214
5,10.0,98.74935,270.0,1764381140214
7,10.0,98.74935,90.0,1764381140214
3,10.0,98.74935,90.0,1764381140214
1,10.0,98.729355,270.0,1764381140723
2,9.7,98.75136,0.0,1764381140723
4,10.0,98.729355,90.0,1764381140723
6,10.0,98.767525,270.0,1764381140723
9,10.0,98.729355,90.0,1764381140723
10,10.0,98.729355,270.0,1764381140723
8,10.0,98.75136,0.0,1764381140723
5,10.0,98.729355,270.0,1764381140723
7,10.0,98.729355,90.0,1764381140723
3,10.0,98.729355,90.0,1764381140723
1,10.0,98.70936,270.0,1764381141231
2,9.4,98.73181,0.0,1764381141231
4,10.0,98.70936,90.0,1764381141231
6,10.0,98.74753,270.0,1764381141231
9,10.0,98.70936,90.0,1764381141231
10,10.0,98.70936,270.0,1764381141231
8,10.0,98.73136,0.0,1764381141231
5,10.0,98.70936,270.0,1764381141231
7,10.0,98.70936,90.0,1764381141231
3,10.0,98.70936,90.0,1764381141231
1,10.0,98.68936,270.0,1764381141740
2,9.099999,98.712715,0.0,1764381141740
4,10.0,98.68936,90.0,1764381141740
6,10.0,98.72753,270.0,1764381141740
9,10.0,98.68936,90.0,1764381141740
10,10.0,98.68936,270.0,1764381141740
8,10.0,98.711365,0.0,1764381141740
5,10.0,98.68936,270.0,1764381141740
7,10.0,98.68936,90.0,1764381141740
3,10.0,98.68936,90.0,1764381141740
1,10.0,98.669365,270.0,1764381142249
2,8.799999,98.69407,0.0,1764381142249
4,10.0,98.669365,90.0,1764381142249
6,10.0,98.707535,270.0,1764381142249
9,10.0,98.669365,90.0,1764381142249
10,10.0,98.669365,270.0,1764381142249
8,10.0,98.69137,0.0,1764381142249
5,10.0,98.669365,270.0,1764381142249
7,10.0,98.669365,90.0,1764381142249
3,10.0,98.669365,90.0,1764381142249
1,10.0,98.64937,270.0,1764381142755
2,8.499999,98.675865,0.0,1764381142755
4,10.0,98.64937,90.0,1764381142755
6,10.0,98.68754,270.0,1764381142755
9,10.0,98.64937,90.0,1764381142755
10,10.0,98.64937,270.0,1764381142755
8,10.0,98.67137,0.0,1764381142755
5,10.0,98.64937,270.0,1764381142755
7,10.0,98.64937,90.0,1764381142755
3,10.0,98.64937,90.0,1764381142755
1,10.0,98.62937,270.0,1764381143263
2,8.199999,98.65811,0.0,1764381143263
4,10.0,98.62937,90.0,1764381143263
6,10.0,98.66754,270.0,1764381143263
9,10.0,98.62937,90.0,1764381143263
10,10.0,98.62937,270.0,1764381143263
8,10.0,98.651375,0.0,1764381143263
5,10.0,98.62937,270.0,1764381143263
7,10.0,98.62937,90.0,1764381143263
3,10.0,98.62937,90.0,1764381143263
1,10.0,98.609375,270.0,1764381143771
2,7.8999987,98.64081,0.0,1764381143771
4,10.0,98.609375,90.0,1764381143771
6,10.0,98.647545,270.0,1764381143771
9,10.0,98.609375,90.0,1764381143771
10,10.0,98.609375,270.0,1764381143771
8,10.0,98.63138,0.0,1764381143771
5,10.0,98.609375,270.0,1764381143771
7,10.0,98.609375,90.0,1764381143771
3,10.0,98.609375,90.0,1764381143771
1,10.0,98.58938,270.0,1764381144280
2,8.199999,98.623955,270.0,1764381144280
4,10.0,98.58938,90.0,1764381144280
6,10.0,98.62755,270.0,1764381144280
9,10.0,98.58938,90.0,1764381144280
10,10.0,98.58938,270.0,1764381144280
8,10.0,98.61138,0.0,1764381144280
5,10.0,98.58938,270.0,1764381144280
7,10.0,98.58938,90.0,1764381144280
3,10.0,98.58938,90.0,1764381144280
1,10.0,98.56938,270.0,1764381144789
2,8.499999,98.60665,270.0,1764381144789
4,10.0,98.56938,90.0,1764381144789
6,10.0,98.60755,270.0,1764381144789
9,10.0,98.56938,90.0,1764381144789
10,10.0,98.56938,270.0,1764381144789
8,10.0,98.591385,0.0,1764381144789
5,10.0,98.56938,270.0,1764381144789
7,10.0,98.56938,90.0,1764381144789
3,10.0,98.56938,90.0,1764381144789
1,10.0,98.549385,270.0,1764381145298
2,8.799999,98.5889,270.0,1764381145298
4,10.0,98.549385,90.0,1764381145298
6,10.0,98.587555,270.0,1764381145298
9,10.0,98.549385,90.0,1764381145298
10,10.0,98.549385,270.0,1764381145298
8,10.0,98.57139,0.0,1764381145298
5,10.0,98.549385,270.0,1764381145298
7,10.0,98.549385,90.0,1764381145298
3,10.0,98.549385,90.0,1764381145298
1,10.0,98.52939,270.0,1764381145807
2,9.099999,98.570694,270.0,1764381145807
4,10.0,98.52939,90.0,1764381145807
6,10.0,98.56756,270.0,1764381145807
9,10.0,98.52939,90.0,1764381145807
10,10.0,98.52939,270.0,1764381145807
8,10.0,98.55139,0.0,1764381145807
5,10.0,98.52939,270.0,1764381145807
7,10.0,98.52939,90.0,1764381145807
3,10.0,98.52939,90.0,1764381145807
1,10.0,98.50939,270.0,1764381146315
2,9.4,98.55205,270.0,1764381146315
4,10.0,98.50939,90.0,1764381146315
6,10.0,98.54756,270.0,1764381146315
9,10.0,98.50939,90.0,1764381146315
10,10.0,98.50939,270.0,1764381146315
8,10.0,98.531395,0.0,1764381146315
5,10.0,98.50939,270.0,1764381146315
7,10.0,98.50939,90.0,1764381146315
3,10.0,98.50939,90.0,1764381146315
1,10.0,98.489395,270.0,1764381146822
2,9.7,98.53295,270.0,1764381146822
4,10.0,98.489395,90.0,1764381146822
6,10.0,98.527565,270.0,1764381146822
9,10.0,98.489395,90.0,1764381146822
10,10.0,98.489395,270.0,1764381146822
8,10.0,98.5114,0.0,1764381146822
5,10.0,98.489395,270.0,1764381146822
7,10.0,98.489395,90.0,1764381146822
3,10.0,98.489395,90.0,1764381146822
1,10.0,98.4694,270.0,1764381147331
2,10.0,98.513405,270.0,1764381147331
4,10.0,98.4694,90.0,1764381147331
6,9.7,98.50757,270.0,1764381147331
9,10.0,98.4694,90.0,1764381147331
10,10.0,98.4694,270.0,1764381147331
8,10.0,98.4914,0.0,1764381147331
5,10.0,98.4694,270.0,1764381147331
7,10.0,98.4694,90.0,1764381147331
3,10.0,98.4694,90.0,1764381147331
1,10.0,98.4494,270.0,1764381147840
2,10.0,98.49341,270.0,1764381147840
4,10.0,98.4494,90.0,1764381147840
6,9.4,98.48802,270.0,1764381147840
9,10.0,98.4494,90.0,1764381147840
10,10.0,98.4494,270.0,1764381147840
8,10.0,98.471405,0.0,1764381147840
5,10.0,98.4494,270.0,1764381147840
7,10.0,98.4494,90.0,1764381147840
3,10.0,98.4494,90.0,1764381147840
1,10.0,98.429405,270.0,1764381148349
2,10.0,98.47341,270.0,1764381148349
4,10.0,98.429405,90.0,1764381148349
6,9.099999,98.468925,270.0,1764381148349
9,10.0,98.429405,90.0,1764381148349
10,10.0,98.429405,270.0,1764381148349
8,10.0,98.45141,0.0,1764381148349
5,10.0,98.429405,270.0,1764381148349
7,10.0,98.429405,90.0,1764381148349
3,10.0,98.429405,90.0,1764381148349
1,10.0,98.40941,270.0,1764381148858
2,10.0,98.453415,270.0,1764381148858
4,10.0,98.40941,90.0,1764381148858
6,8.799999,98.45028,270.0,1764381148858
9,10.0,98.40941,90.0,1764381148858
10,10.0,98.40941,270.0,1764381148858
8,10.0,98.43141,0.0,1764381148858
5,10.0,98.40941,270.0,1764381148858
7,10.0,98.40941,90.0,1764381148858
3,10.0,98.40941,90.0,1764381148858
1,10.0,98.38941,270.0,1764381149367
2,10.0,98.43342,270.0,1764381149367
4,10.0,98.38941,90.0,1764381149367
6,8.499999,98.432076,270.0,1764381149367
9,10.0,98.38941,90.0,1764381149367
10,10.0,98.38941,270.0,1764381149367
8,10.0,98.411415,0.0,1764381149367
5,10.0,98.38941,270.0,1764381149367
7,10.0,98.38941,90.0,1764381149367
3,9.7,98.38941,90.0,1764381149367
1,9.7,98.369415,270.0,1764381149875
2,10.0,98.41342,270.0,1764381149875
4,10.0,98.369415,90.0,1764381149875
6,8.199999,98.41432,270.0,1764381149875
9,10.0,98.369415,90.0,1764381149875
10,10.0,98.369415,270.0,1764381149875
8,10.0,98.39142,0.0,1764381149875
5,10.0,98.369415,270.0,1764381149875
7,10.0,98.369415,90.0,1764381149875
3,9.4,98.369865,90.0,1764381149875
1,9.4,98.34987,270.0,1764381150381
2,10.0,98.393425,270.0,1764381150381
4,10.0,98.34942,90.0,1764381150381
6,7.8999987,98.39702,270.0,1764381150381
9,10.0,98.34942,90.0,1764381150381
10,10.0,98.34942,270.0,1764381150381
8,10.0,98.37142,0.0,1764381150381
5,10.0,98.34942,270.0,1764381150381
7,10.0,98.34942,90.0,1764381150381
3,9.099999,98.35077,90.0,1764381150381
1,9.099999,98.33077,270.0,1764381150892
2,10.0,98.37343,270.0,1764381150892
4,10.0,98.32942,90.0,1764381150892
6,8.199999,98.380165,180.0,1764381150892
9,10.0,98.32942,90.0,1764381150892
10,10.0,98.32942,270.0,1764381150892
8,10.0,98.351425,0.0,1764381150892
5,10.0,98.32942,270.0,1764381150892
7,10.0,98.32942,90.0,1764381150892
3,8.799999,98.33212,90.0,1764381150892
1,8.799999,98.312126,270.0,1764381151402
2,10.0,98.35343,270.0,1764381151402
4,9.7,98.309425,90.0,1764381151402
6,8.499999,98.36286,180.0,1764381151402
9,10.0,98.309425,90.0,1764381151402
10,10.0,98.309425,270.0,1764381151402
8,10.0,98.33143,0.0,1764381151402
5,10.0,98.309425,270.0,1764381151402
7,10.0,98.309425,90.0,1764381151402
3,8.499999,98.31392,90.0,1764381151402
1,8.499999,98.29392,270.0,1764381151911
2,10.0,98.333435,270.0,1764381151911
4,9.4,98.28988,90.0,1764381151911
6,8.799999,98.34511,180.0,1764381151911
9,10.0,98.28943,90.0,1764381151911
10,10.0,98.28943,270.0,1764381151911
8,10.0,98.31143,0.0,1764381151911
5,10.0,98.28943,270.0,1764381151911
7,10.0,98.28943,90.0,1764381151911
3,8.199999,98.296165,90.0,1764381151911
1,8.199999,98.27617,270.0,1764381152420
2,10.0,98.31344,270.0,1764381152420
4,9.099999,98.27078,90.0,1764381152420
6,9.099999,98.326904,180.0,1764381152420
9,10.0,98.26943,90.0,1764381152420
10,10.0,98.26943,270.0,1764381152420
8,10.0,98.291435,0.0,1764381152420
5,10.0,98.26943,270.0,1764381152420
7,10.0,98.26943,90.0,1764381152420
3,8.499999,98.27886,0.0,1764381152420
1,7.8999987,98.258865,270.0,1764381152929
2,10.0,98.29344,270.0,1764381152929
4,8.799999,98.25214,90.0,1764381152929
6,9.4,98.30826,180.0,1764381152929
9,10.0,98.249435,90.0,1764381152929
10,10.0,98.249435,270.0,1764381152929
8,10.0,98.27144,0.0,1764381152929
5,10.0,98.249435,270.0,1764381152929
7,10.0,98.249435,90.0,1764381152929
3,8.799999,98.26111,0.0,1764381152929
1,8.199999,98.24201,0.0,1764381153438
2,10.0,98.273445,270.0,1764381153438
4,8.499999,98.23393,90.0,1764381153438
6,9.7,98.28916,180.0,1764381153438
9,10.0,98.22944,90.0,1764381153438
10,10.0,98.22944,270.0,1764381153438
8,10.0,98.25144,0.0,1764381153438
5,10.0,98.22944,270.0,1764381153438
7,10.0,98.22944,90.0,1764381153438
3,9.099999,98.242905,0.0,1764381153438
1,8.499999,98.22471,0.0,1764381153947
2,10.0,98.25345,270.0,1764381153947
4,8.199999,98.21618,90.0,1764381153947
6,10.0,98.269615,180.0,1764381153947
9,10.0,98.20944,90.0,1764381153947
10,10.0,98.20944,270.0,1764381153947
8,10.0,98.231445,0.0,1764381153947
5,10.0,98.20944,270.0,1764381153947
7,10.0,98.20944,90.0,1764381153947
3,9.4,98.22426,0.0,1764381153947
1,8.799999,98.206955,0.0,1764381154456
2,10.0,98.23345,270.0,1764381154456
4,7.8999987,98.198875,90.0,1764381154456
6,10.0,98.24962,180.0,1764381154456
9,10.0,98.189445,90.0,1764381154456
10,10.0,98.189445,270.0,1764381154456
8,10.0,98.21145,0.0,1764381154456
5,10.0,98.189445,270.0,1764381154456
7,10.0,98.189445,90.0,1764381154456
3,9.7,98.20516,0.0,1764381154456
1,9.099999,98.18875,0.0,1764381154965
2,10.0,98.213455,270.0,1764381154965
4,8.199999,98.18202,0.0,1764381154965
6,10.0,98.22962,180.0,1764381154965
9,10.0,98.16945,90.0,1764381154965
10,10.0,98.16945,270.0,1764381154965
8,10.0,98.19145,0.0,1764381154965
5,10.0,98.16945,270.0,1764381154965
7,10.0,98.16945,90.0,1764381154965
3,10.0,98.185616,0.0,1764381154965
1,9.4,98.170105,0.0,1764381155473
2,10.0,98.19346,270.0,1764381155473
4,8.499999,98.16472,0.0,1764381155473
6,10.0,98.209625,180.0,1764381155473
9,10.0,98.14945,90.0,1764381155473
10,10.0,98.14945,270.0,1764381155473
8,10.0,98.171455,0.0,1764381155473
5,10.0,98.14945,270.0,1764381155473
7,10.0,98.14945,90.0,1764381155473
3,10.0,98.16562,0.0,1764381155473
1,9.7,98.15101,0.0,1764381155982
2,10.0,98.17346,270.0,1764381155982
4,8.799999,98.146965,0.0,1764381155982
6,10.0,98.18963,180.0,1764381155982
9,10.0,98.129456,90.0,1764381155982
10,10.0,98.129456,270.0,1764381155982
8,10.0,98.15146,0.0,1764381155982
5,10.0,98.129456,270.0,1764381155982
7,10.0,98.129456,90.0,1764381155982
3,10.0,98.14562,0.0,1764381155982
1,10.0,98.13146,0.0,1764381156492
2,10.0,98.153465,270.0,1764381156492
4,9.099999,98.12876,0.0,1764381156492
6,10.0,98.16963,180.0,1764381156492
9,10.0,98.10946,90.0,1764381156492
10,10.0,98.10946,270.0,1764381156492
8,10.0,98.13146,0.0,1764381156492
5,10.0,98.10946,270.0,1764381156492
7,10.0,98.10946,90.0,1764381156492
3,10.0,98.125626,0.0,1764381156492
1,10.0,98.111465,0.0,1764381157001
2,10.0,98.13347,270.0,1764381157001
4,9.4,98.110115,0.0,1764381157001
6,10.0,98.149635,180.0,1764381157001
9,10.0,98.08946,90.0,1764381157001
10,10.0,98.08946,270.0,1764381157001
8,10.0,98.111465,0.0,1764381157001
5,10.0,98.08946,270.0,1764381157001
7,10.0,98.08946,90.0,1764381157001
3,10.0,98.10563,0.0,1764381157001
1,10.0,98.09147,0.0,1764381157509
2,10.0,98.11347,270.0,1764381157509
4,9.7,98.09102,0.0,1764381157509
6,10.0,98.12964,180.0,1764381157509
9,10.0,98.069466,90.0,1764381157509
10,10.0,98.069466,270.0,1764381157509
8,10.0,98.09147,0.0,1764381157509
5,10.0,98.069466,270.0,1764381157509
7,10.0,98.069466,90.0,1764381157509
3,10.0,98.08563,0.0,1764381157509
1,10.0,98.07147,0.0,1764381158017
2,10.0,98.093475,270.0,1764381158017
4,10.0,98.07147,0.0,1764381158017
6,10.0,98.10964,180.0,1764381158017
9,10.0,98.04947,90.0,1764381158017
10,10.0,98.04947,270.0,1764381158017
8,10.0,98.07147,0.0,1764381158017
5,10.0,98.04947,270.0,1764381158017
7,10.0,98.04947,90.0,1764381158017
3,10.0,98.065636,0.0,1764381158017
1,10.0,98.051476,0.0,1764381158526
2,10.0,98.07348,270.0,1764381158526
4,10.0,98.051476,0.0,1764381158526
6,10.0,98.089645,180.0,1764381158526
9,10.0,98.02947,90.0,1764381158526
10,10.0,98.02947,270.0,1764381158526
8,9.7,98.051476,0.0,1764381158526
5,10.0,98.02947,270.0,1764381158526
7,10.0,98.02947,90.0,1764381158526
3,10.0,98.04564,0.0,1764381158526
1,10.0,98.03148,0.0,1764381159036
2,10.0,98.05348,270.0,1764381159036
4,10.0,98.03148,0.0,1764381159036
6,10.0,98.06965,180.0,1764381159036
9,10.0,98.009476,90.0,1764381159036
10,10.0,98.009476,270.0,1764381159036
8,9.4,98.03193,0.0,1764381159036
5,10.0,98.009476,270.0,1764381159036
7,10.0,98.009476,90.0,1764381159036
3,10.0,98.02564,0.0,1764381159036
1,10.0,98.01148,0.0,1764381159543
2,10.0,98.033485,270.0,1764381159543
4,10.0,98.01148,0.0,1764381159543
6,9.7,98.04965,180.0,1764381159543
9,10.0,97.98948,90.0,1764381159543
10,10.0,97.98948,270.0,1764381159543
8,9.099999,98.01283,0.0,1764381159543
5,10.0,97.98948,270.0,1764381159543
7,10.0,97.98948,90.0,1764381159543
3,10.0,98.005646,0.0,1764381159543
1,10.0,97.991486,0.0,1764381160051
2,10.0,98.01349,270.0,1764381160051
4,10.0,97.991486,0.0,1764381160051
6,9.4,98.030106,180.0,1764381160051
9,10.0,97.96948,90.0,1764381160051
10,10.0,97.96948,270.0,1764381160051
8,8.799999,97.99419,0.0,1764381160051
5,10.0,97.96948,270.0,1764381160051
7,10.0,97.96948,90.0,1764381160051
3,10.0,97.98565,0.0,1764381160051
1,10.0,97.97149,0.0,1764381160560
2,10.0,97.99349,270.0,1764381160560
4,10.0,97.97149,0.0,1764381160560
6,9.099999,98.01101,180.0,1764381160560
9,10.0,97.949486,90.0,1764381160560
10,9.7,97.949486,270.0,1764381160560
8,8.499999,97.97598,0.0,1764381160560
5,10.0,97.949486,270.0,1764381160560
7,10.0,97.949486,90.0,1764381160560
3,10.0,97.96565,0.0,1764381160560
1,10.0,97.95149,0.0,1764381161070
2,10.0,97.973495,270.0,1764381161070
4,10.0,97.95149,0.0,1764381161070
6,8.799999,97.99236,180.0,1764381161070
9,10.0,97.92949,90.0,1764381161070
10,9.4,97.92994,270.0,1764381161070
8,8.199999,97.95823,0.0,1764381161070
5,10.0,97.92949,270.0,1764381161070
7,10.0,97.92949,90.0,1764381161070
3,10.0,97.945656,0.0,1764381161070
1,10.0,97.931496,0.0,1764381161578
2,10.0,97.9535,270.0,1764381161578
4,10.0,97.931496,0.0,1764381161578
6,8.499999,97.97416,180.0,1764381161578
9,10.0,97.90949,90.0,1764381161578
10,9.099999,97.91084,270.0,1764381161578
8,7.8999987,97.940926,0.0,1764381161578
5,9.7,97.90949,270.0,1764381161578
7,10.0,97.90949,90.0,1764381161578
3,10.0,97.92566,0.0,1764381161578
1,10.0,97.9115,0.0,1764381162086
2,10.0,97.9335,270.0,1764381162086
4,10.0,97.9115,0.0,1764381162086
6,8.199999,97.956406,180.0,1764381162086
9,10.0,97.889496,90.0,1764381162086
10,8.799999,97.8922,270.0,1764381162086
8,8.199999,97.92407,90.0,1764381162086
5,9.4,97.889946,270.0,1764381162086
7,10.0,97.889496,90.0,1764381162086
3,10.0,97.90566,0.0,1764381162086
1,10.0,97.8915,0.0,1764381162595
2,10.0,97.913506,270.0,1764381162595
4,10.0,97.8915,0.0,1764381162595
6,8.499999,97.9391,90.0,1764381162595
9,10.0,97.8695,90.0,1764381162595
10,8.499999,97.87399,270.0,1764381162595
8,8.499999,97.90677,90.0,1764381162595
5,9.099999,97.87085,270.0,1764381162595
7,10.0,97.8695,90.0,1764381162595
3,10.0,97.885666,0.0,1764381162595
1,10.0,97.871506,0.0,1764381163105
2,10.0,97.89351,270.0,1764381163105
4,10.0,97.871506,0.0,1764381163105
6,8.799999,97.92135,90.0,1764381163105
9,10.0,97.8495,90.0,1764381163105
10,8.199999,97.85624,270.0,1764381163105
8,8.799999,97.889015,90.0,1764381163105
5,8.799999,97.8522,270.0,1764381163105
7,10.0,97.8495,90.0,1764381163105
3,10.0,97.86567,0.0,1764381163105
1,10.0,97.85151,0.0,1764381163613
2,10.0,97.87351,270.0,1764381163613
4,10.0,97.85151,0.0,1764381163613
6,9.099999,97.903145,90.0,1764381163613
9,10.0,97.829506,90.0,1764381163613
10,7.8999987,97.838936,270.0,1764381163613
8,9.099999,97.87081,90.0,1764381163613
5,8.499999,97.834,270.0,1764381163613
7,10.0,97.829506,90.0,1764381163613
3,10.0,97.84567,0.0,1764381163613
1,10.0,97.83151,0.0,1764381164122
2,10.0,97.853516,270.0,1764381164122
4,10.0,97.83151,0.0,1764381164122
6,9.4,97.8845,90.0,1764381164122
9,10.0,97.80951,90.0,1764381164122
10,8.199999,97.82208,180.0,1764381164122
8,9.4,97.852165,90.0,1764381164122
5,8.199999,97.816246,270.0,1764381164122
7,10.0,97.80951,90.0,1764381164122
3,10.0,97.825676,0.0,1764381164122
1,10.0,97.811516,0.0,1764381164630
2,10.0,97.83352,270.0,1764381164630
4,10.0,97.811516,0.0,1764381164630
6,9.7,97.8654,90.0,1764381164630
9,10.0,97.78951,90.0,1764381164630
10,8.499999,97.80478,180.0,1764381164630
8,9.7,97.83307,90.0,1764381164630
5,8.499999,97.79894,0.0,1764381164630
7,10.0,97.78951,90.0,1764381164630
3,10.0,97.80568,0.0,1764381164630
1,10.0,97.79152,0.0,1764381165139
2,10.0,97.81352,270.0,1764381165139
4,10.0,97.79152,0.0,1764381165139
6,10.0,97.845856,90.0,1764381165139
9,10.0,97.769516,90.0,1764381165139
10,8.799999,97.787025,180.0,1764381165139
8,10.0,97.81352,90.0,1764381165139
5,8.799999,97.78119,0.0,1764381165139
7,10.0,97.769516,90.0,1764381165139
3,10.0,97.78568,0.0,1764381165139
1,10.0,97.77152,0.0,1764381165648
2,10.0,97.793526,270.0,1764381165648
4,10.0,97.77152,0.0,1764381165648
6,10.0,97.82586,90.0,1764381165648
9,10.0,97.74952,90.0,1764381165648
10,9.099999,97.76882,180.0,1764381165648
8,10.0,97.793526,90.0,1764381165648
5,9.099999,97.762985,0.0,1764381165648
7,10.0,97.74952,90.0,1764381165648
3,10.0,97.765686,0.0,1764381165648
1,10.0,97.751526,0.0,1764381166158
2,10.0,97.77353,270.0,1764381166158
4,10.0,97.751526,0.0,1764381166158
6,10.0,97.80586,90.0,1764381166158
9,10.0,97.72952,90.0,1764381166158
10,9.4,97.750175,180.0,1764381166158
8,10.0,97.77353,90.0,1764381166158
5,9.4,97.74434,0.0,1764381166158
7,10.0,97.72952,90.0,1764381166158
3,10.0,97.74569,0.0,1764381166158
1,10.0,97.73153,0.0,1764381166668
2,10.0,97.75353,270.0,1764381166668
4,10.0,97.73153,0.0,1764381166668
6,10.0,97.785866,90.0,1764381166668
9,10.0,97.709526,90.0,1764381166668
10,9.7,97.73108,180.0,1764381166668
8,10.0,97.75353,90.0,1764381166668
5,9.7,97.72524,0.0,1764381166668
7,10.0,97.709526,90.0,1764381166668
3,10.0,97.72569,0.0,1764381166668
1,10.0,97.71153,0.0,1764381167177
2,9.7,97.733536,270.0,1764381167177
4,10.0,97.71153,0.0,1764381167177
6,10.0,97.76587,90.0,1764381167177
9,10.0,97.68953,90.0,1764381167177
10,10.0,97.71153,180.0,1764381167177
8,10.0,97.733536,90.0,1764381167177
5,10.0,97.705696,0.0,1764381167177
7,10.0,97.68953,90.0,1764381167177
3,10.0,97.705696,0.0,1764381167177
1,10.0,97.691536,0.0,1764381167686
2,9.4,97.71399,270.0,1764381167686
4,10.0,97.691536,0.0,1764381167686
6,10.0,97.74587,90.0,1764381167686
9,10.0,97.66953,90.0,1764381167686
10,10.0,97.691536,180.0,1764381167686
8,10.0,97.71354,90.0,1764381167686
5,10.0,97.6857,0.0,1764381167686
7,10.0,97.66953,90.0,1764381167686
3,10.0,97.6857,0.0,1764381167686
1,10.0,97.67154,0.0,1764381168194
2,9.099999,97.69489,270.0,1764381168194
4,10.0,97.67154,0.0,1764381168194
6,10.0,97.725876,90.0,1764381168194
9,10.0,97.649536,90.0,1764381168194
10,10.0,97.67154,180.0,1764381168194
8,10.0,97.69354,90.0,1764381168194
5,10.0,97.6657,0.0,1764381168194
7,10.0,97.649536,90.0,1764381168194
3,10.0,97.6657,0.0,1764381168194
1,10.0,97.65154,0.0,1764381168703
2,8.799999,97.67625,270.0,1764381168703
4,10.0,97.65154,0.0,1764381168703
6,10.0,97.70588,90.0,1764381168703
9,10.0,97.62954,90.0,1764381168703
10,10.0,97.65154,180.0,1764381168703
8,10.0,97.673546,90.0,1764381168703
5,10.0,97.645706,0.0,1764381168703
7,10.0,97.62954,90.0,1764381168703
3,10.0,97.645706,0.0,1764381168703
1,10.0,97.631546,0.0,1764381169212
2,8.499999,97.65804,270.0,1764381169212
4,10.0,97.631546,0.0,1764381169212
6,10.0,97.68588,90.0,1764381169212
9,10.0,97.60954,90.0,1764381169212
10,10.0,97.631546,180.0,1764381169212
8,10.0,97.65355,90.0,1764381169212
5,10.0,97.62571,0.0,1764381169212
7,10.0,97.60954,90.0,1764381169212
3,10.0,97.62571,0.0,1764381169212
1,10.0,97.61155,0.0,1764381169720
2,8.199999,97.64029,270.0,1764381169720
4,10.0,97.61155,0.0,1764381169720
6,10.0,97.665886,90.0,1764381169720
9,10.0,97.58955,90.0,1764381169720
10,10.0,97.61155,180.0,1764381169720
8,10.0,97.63355,90.0,1764381169720
5,10.0,97.60571,0.0,1764381169720
7,10.0,97.58955,90.0,1764381169720
3,10.0,97.60571,0.0,1764381169720
1,10.0,97.59155,0.0,1764381170229
2,7.8999987,97.622986,270.0,1764381170229
4,10.0,97.59155,0.0,1764381170229
6,10.0,97.64589,90.0,1764381170229
9,10.0,97.56955,90.0,1764381170229
10,10.0,97.59155,180.0,1764381170229
8,10.0,97.613556,90.0,1764381170229
5,10.0,97.58572,0.0,1764381170229
7,10.0,97.56955,90.0,1764381170229
3,10.0,97.58572,0.0,1764381170229
1,10.0,97.571556,0.0,1764381170736
2,8.199999,97.60613,180.0,1764381170736
4,10.0,97.571556,0.0,1764381170736
6,10.0,97.62589,90.0,1764381170736
9,10.0,97.54955,90.0,1764381170736
10,10.0,97.571556,180.0,1764381170736
8,10.0,97.59356,90.0,1764381170736
5,10.0,97.56572,0.0,1764381170736
7,10.0,97.54955,90.0,1764381170736
3,10.0,97.56572,0.0,1764381170736
1,10.0,97.55156,0.0,1764381171245
2,8.499999,97.58883,180.0,1764381171245
4,10.0,97.55156,0.0,1764381171245
6,10.0,97.605896,90.0,1764381171245
9,10.0,97.52956,90.0,1764381171245
10,10.0,97.55156,180.0,1764381171245
8,10.0,97.57356,90.0,1764381171245
5,10.0,97.54572,0.0,1764381171245
7,10.0,97.52956,90.0,1764381171245
3,10.0,97.54572,0.0,1764381171245
1,10.0,97.53156,0.0,1764381171755
2,8.799999,97.571075,180.0,1764381171755
4,10.0,97.53156,0.0,1764381171755
6,10.0,97.5859,90.0,1764381171755
9,10.0,97.50956,90.0,1764381171755
10,10.0,97.53156,180.0,1764381171755
8,10.0,97.553566,90.0,1764381171755
5,10.0,97.52573,0.0,1764381171755
7,10.0,97.50956,90.0,1764381171755
3,10.0,97.52573,0.0,1764381171755
1,10.0,97.511566,0.0,1764381172263
2,9.099999,97.55287,180.0,1764381172263
4,10.0,97.511566,0.0,1764381172263
6,10.0,97.5659,90.0,1764381172263
9,10.0,97.48956,90.0,1764381172263
10,10.0,97.511566,180.0,1764381172263
8,10.0,97.53357,90.0,1764381172263
5,10.0,97.50573,0.0,1764381172263
7,10.0,97.48956,90.0,1764381172263
3,10.0,97.50573,0.0,1764381172263
1,10.0,97.49157,0.0,1764381172772
2,9.4,97.534225,180.0,1764381172772
4,10.0,97.49157,0.0,1764381172772
6,10.0,97.545906,90.0,1764381172772
9,10.0,97.46957,90.0,1764381172772
10,10.0,97.49157,180.0,1764381172772
8,10.0,97.51357,90.0,1764381172772
5,10.0,97.48573,0.0,1764381172772
7,10.0,97.46957,90.0,1764381172772
3,10.0,97.48573,0.0,1764381172772
1,10.0,97.47157,0.0,1764381173280
2,9.7,97.51513,180.0,1764381173280
4,10.0,97.47157,0.0,1764381173280
6,10.0,97.52591,90.0,1764381173280
9,10.0,97.44957,90.0,1764381173280
10,10.0,97.47157,180.0,1764381173280
8,10.0,97.493576,90.0,1764381173280
5,10.0,97.46574,0.0,1764381173280
7,10.0,97.44957,90.0,1764381173280
3,10.0,97.46574,0.0,1764381173280
1,10.0,97.45158,0.0,1764381173789
2,10.0,97.49558,180.0,1764381173789
4,10.0,97.45158,0.0,1764381173789
6,10.0,97.50591,90.0,1764381173789
9,10.0,97.42957,90.0,1764381173789
10,10.0,97.45158,180.0,1764381173789
8,10.0,97.47358,90.0,1764381173789
5,10.0,97.44574,0.0,1764381173789
7,10.0,97.42957,90.0,1764381173789
3,10.0,97.44574,0.0,1764381173789
1,9.7,97.43158,0.0,1764381174297
2,10.0,97.475586,180.0,1764381174297
4,10.0,97.43158,0.0,1764381174297
6,10.0,97.485916,90.0,1764381174297
9,10.0,97.40958,90.0,1764381174297
10,10.0,97.43158,180.0,1764381174297
8,10.0,97.45358,90.0,1764381174297
5,10.0,97.42574,0.0,1764381174297
7,10.0,97.40958,90.0,1764381174297
3,10.0,97.42574,0.0,1764381174297
1,9.4,97.41203,0.0,1764381174807
2,10.0,97.45559,180.0,1764381174807
4,10.0,97.41158,0.0,1764381174807
6,10.0,97.46592,90.0,1764381174807
9,10.0,97.38958,90.0,1764381174807
10,10.0,97.41158,180.0,1764381174807
8,10.0,97.433586,90.0,1764381174807
5,10.0,97.40575,0.0,1764381174807
7,10.0,97.38958,90.0,1764381174807
3,10.0,97.40575,0.0,1764381174807
1,9.099999,97.39294,0.0,1764381175316
2,10.0,97.43559,180.0,1764381175316
4,10.0,97.39159,0.0,1764381175316
6,10.0,97.44592,90.0,1764381175316
9,10.0,97.36958,90.0,1764381175316
10,10.0,97.39159,180.0,1764381175316
8,10.0,97.41359,90.0,1764381175316
5,10.0,97.38575,0.0,1764381175316
7,10.0,97.36958,90.0,1764381175316
3,10.0,97.38575,0.0,1764381175316
1,8.799999,97.37429,0.0,1764381175823
2,10.0,97.415596,180.0,1764381175823
4,10.0,97.37159,0.0,1764381175823
6,9.7,97.42593,90.0,1764381175823
9,10.0,97.34959,90.0,1764381175823
10,10.0,97.37159,180.0,1764381175823
8,10.0,97.39359,90.0,1764381175823
5,10.0,97.36575,0.0,1764381175823
7,10.0,97.34959,90.0,1764381175823
3,10.0,97.36575,0.0,1764381175823
1,8.499999,97.35609,0.0,1764381176331
2,10.0,97.3956,180.0,1764381176331
4,10.0,97.35159,0.0,1764381176331
6,9.4,97.40638,90.0,1764381176331
9,10.0,97.32959,90.0,1764381176331
10,10.0,97.35159,180.0,1764381176331
8,10.0,97.3736,90.0,1764381176331
5,10.0,97.34576,0.0,1764381176331
7,10.0,97.32959,90.0,1764381176331
3,10.0,97.34576,0.0,1764381176331
1,8.199999,97.33833,0.0,1764381176840
2,10.0,97.3756,180.0,1764381176840
4,10.0,97.3316,0.0,1764381176840
6,9.099999,97.38728,90.0,1764381176840
9,10.0,97.30959,90.0,1764381176840
10,10.0,97.3316,180.0,1764381176840
8,10.0,97.3536,90.0,1764381176840
5,10.0,97.32576,0.0,1764381176840
7,10.0,97.30959,90.0,1764381176840
3,10.0,97.32576,0.0,1764381176840
1,7.8999987,97.32103,0.0,1764381177348
2,10.0,97.355606,180.0,1764381177348
4,10.0,97.3116,0.0,1764381177348
6,8.799999,97.36864,90.0,1764381177348
9,10.0,97.2896,90.0,1764381177348
10,10.0,97.3116,180.0,1764381177348
8,10.0,97.3336,90.0,1764381177348
5,10.0,97.30576,0.0,1764381177348
7,10.0,97.2896,90.0,1764381177348
3,10.0,97.30576,0.0,1764381177348
1,8.199999,97.30418,90.0,1764381177857
2,10.0,97.33561,180.0,1764381177857
4,10.0,97.2916,0.0,1764381177857
6,8.499999,97.35043,90.0,1764381177857
9,10.0,97.2696,90.0,1764381177857
10,10.0,97.2916,180.0,1764381177857
8,10.0,97.31361,90.0,1764381177857
5,10.0,97.28577,0.0,1764381177857
7,10.0,97.2696,90.0,1764381177857
3,10.0,97.28577,0.0,1764381177857
1,8.499999,97.28687,90.0,1764381178367
2,10.0,97.31561,180.0,1764381178367
4,10.0,97.27161,0.0,1764381178367
6,8.199999,97.33268,90.0,1764381178367
9,10.0,97.2496,90.0,1764381178367
10,10.0,97.27161,180.0,1764381178367
8,10.0,97.29361,90.0,1764381178367
5,10.0,97.26577,0.0,1764381178367
7,10.0,97.2496,90.0,1764381178367
3,10.0,97.26577,0.0,1764381178367
1,8.799999,97.26912,90.0,1764381178875
2,10.0,97.295616,180.0,1764381178875
4,10.0,97.25161,0.0,1764381178875
6,7.8999987,97.31538,90.0,1764381178875
9,10.0,97.22961,90.0,1764381178875
10,10.0,97.25161,180.0,1764381178875
8,10.0,97.27361,90.0,1764381178875
5,10.0,97.24577,0.0,1764381178875
7,10.0,97.22961,90.0,1764381178875
3,10.0,97.24577,0.0,1764381178875
